
0x 02 01 04 03 06 05 08 07 00 01 06 03 80 00 00 00 43 68 0a 00 01 00 00 00 00 00 00 00 00 00 00 00 03 00 00 00 00 00 00 00
0x 02 01 04 03 06 05 08 07 00 01 06 03 80 00 00 00 43 68 0a 00 01 00 00 00 00 00 00 00 00 00 00 00 03 00 00 00 00 00 00 00 06 00 00 00 18 00 00 00 0c 82 00 00 06 00 00 00 9e 1d 00 00 00 00 00 00 df 35 00 00 72 ec 00 00



magic word:     02 01 04 03 06 05 08 07
verison:        00 01 06 03
packet lenght:  80 00 00 00
platform:       43 68 0a 00
frame number:   01 00 00 00
time in cpu:    00 00 00 00
detected obj:   00 00 00 00
TLV's:          03 00 00 00
subframe num:   00 00 00 00


0x 03 00 00 00 00 00 00 00 06 00 00 00 18 00 00 00 0c 82 00 00 06 00 00 00 9e 1d 00 00 00 00 00 00 df 35 00 00 72 ec 00 00 09 00 00 00 1c 00 00 00 00 00 00 00 d6 37 00 00 2e 00 2f 00 2e 00 31 00 31 00 2e 00 30 00 30 00 34 00 34 00 fd 03 00 00 04 00 00 00 00 00 00 00 be be be be be be be be 02 01 04 03 06 05 08 07 00 01 06 03 a0 00 00 00 43 68 0a 00 03 00 00 00 00 00 00 00 01 00 00 00 04 00 00 00 00 00 00 00 fc 03 00 00 1c 00 00 00 0a d7 23 3c 0a d7 23 3c f7 cc 92 39 6f 12 83 39 0a d7 23 3d de 27 3e 3a f4 03 80 00 06 00 00 00 18 00 00 00 87 82 00 00 05 00 00 00 1a 1e 00 00 00 00 00 00 c1 36 00 00 52 ed 00 00 09 00 00 00 1c 00 00 00 00 00 00 00 0d 38 00 00 2e 00 2f 00 2e 00 31 00 31 00 2e 00 30 00 30 00 34 00 34 00 fd 03 00 00 04 00 00 00 00 00 00 00 be be be be
0x 02 01 04 03 06 05 08 07 00 01 06 03 a0 00 00 00 43 68 0a 00 03 00 00 00 00 00 00 00 01 00 00 00 04 00 00 00 00 00 00 00 fc 03 00 00 1c 00 00 00 0a d7 23 3c 0a d7 23 3c f7 cc 92 39 6f 12 83 39 0a d7 23 3d de 27 3e 3a f4 03 80 00 06 00 00 00 18 00 00 00 87 82 00 00 05 00 00 00 1a 1e 00 00 00 00 00 00 c1 36 00 00 52 ed 00 00 09 00 00 00 1c 00 00 00 00 00 00 00 0d 38 00 00 2e 00 2f 00 2e 00 31 00 31 00 2e 00 30 00 30 00 34 00 34 00 fd 03 00 00 04 00 00 00 00 00 00 00 be be be be


magic word:     02 01 04 03 06 05 08 07 
verison:        00 01 06 03 
packet lenght:  a0 00 00 00
platform:       43 68 0a 00 
frame number:   03 00 00 00 
time in cpu:    00 00 00 00 
detected obj:   01 00 00 00 
TLV's:          04 00 00 00 
subframe num:   00 00 00 00 


after endian conversion

0x 02 01 04 03 06 05 08 07 00 01 06 03 80 00 00 00 43 68 0a 00 13 00 00 00 00 00 00 00 00 00 00 00 03 00 00 00 00 00 00 00

0x 02 01 04 03 06 05 08 07 00 01 06 03 80 00 00 00 43 68 0a 00 13 00 00 00 00 00 00 00 00 00 00 00 03 00 00 00 00 00 00 00


0x 02 01 04 03 06 05 08 07 00 01 06 03 80 00 00 00 43 68 0a 00 13 00 00 00 00 00 00 00 00 00 00 00 03 00 00 00 00 00 00 00 06 00 00 00 18 00 00 00 28 82 00 00 05 00 00 00 bb 1d 00 00 00 00 00 00 14 36 00 00 a5 ec 00 00

magic word:     02 01 04 03 06 05 08 07 
verison:        00 01 06 03 
packet lenght:  80 00 00 00 
platform:       43 68 0a 00 
frame number:   13 00 00 00 
time in cpu:    00 00 00 00 
detected obj:   00 00 00 00 
TLV's:          03 00 00 00 
subframe num:   00 00 00 00


0x 00 00 1d 9f = 0b 0000 0000 0000 1110 1100 11111
0x 00 0a 68 43 = 0b 0000 0101 0011 0100 0010 00011